0 0.41171875 0.1578125 0.0953125 0.09765625
0 0.63046875 0.13125 0.17890625 0.12265625
0 0.73828125 0.2453125 0.0703125 0.08359375
0 0.65546875 0.27265625 0.05390625 0.13046875
0 0.584375 0.26875 0.040625 0.10234375
0 0.4234375 0.3625 0.03828125 0.07578125
0 0.51875 0.37109375 0.05234375 0.07890625
0 0.58828125 0.40234375 0.03203125 0.065625
0 0.66796875 0.4125 0.034375 0.07109375
2 0.4875 0.04140625 0.52890625 0.08125
2 0.503125 0.17578125 0.0953125 0.13671875
2 0.3078125 0.16015625 0.12109375 0.14296875
1 0.125 0.7984375 0.1421875 0.0484375
1 0.384375 0.9 0.10546875 0.04140625
1 0.85078125 0.79921875 0.05078125 0.04453125