0 0.96875 0.784375 0.06171875 0.1421875
0 0.94375 0.54375 0.1125 0.11484375
0 0.9484375 0.15390625 0.10234375 0.10234375
0 0.878125 0.225 0.025 0.04140625
0 0.75 0.325 0.07421875 0.0453125
0 0.64296875 0.20078125 0.0890625 0.0625
0 0.4828125 0.21796875 0.0984375 0.07890625
0 0.40078125 0.26484375 0.034375 0.05
0 0.50390625 0.33203125 0.05 0.06875
0 0.4203125 0.32421875 0.109375 0.053125
0 0.5 0.46484375 0.04140625 0.0609375
0 0.30078125 0.34453125 0.1265625 0.0640625
0 0.42265625 0.534375 0.0921875 0.03828125
0 0.31171875 0.4953125 0.13359375 0.09453125
0 0.0859375 0.36484375 0.06484375 0.053125
0 0.2171875 0.36796875 0.03046875 0.04140625
0 0.1984375 0.3328125 0.05 0.03046875