0 0.97109375 0.77890625 0.0578125 0.14765625
0 0.93671875 0.55078125 0.1265625 0.1046875
0 0.928125 0.17734375 0.13671875 0.1671875
0 0.74375 0.33046875 0.084375 0.059375
0 0.66171875 0.20234375 0.1265625 0.06875
0 0.47890625 0.21875 0.12578125 0.1046875
0 0.396875 0.2625 0.02421875 0.0515625
0 0.5 0.33359375 0.04453125 0.08359375
0 0.4203125 0.33828125 0.1046875 0.08828125
0 0.30546875 0.33828125 0.11875 0.0671875
0 0.30078125 0.4640625 0.115625 0.16015625
0 0.4953125 0.465625 0.040625 0.07421875
0 0.4203125 0.5296875 0.0890625 0.053125
0 0.21484375 0.37109375 0.025 0.03828125
0 0.0875 0.36328125 0.071875 0.05
2 0.67265625 0.09140625 0.6546875 0.178125