0 0.515625 0.396875 0.16015625 0.13515625
0 0.47734375 0.55859375 0.04296875 0.05
0 0.5765625 0.659375 0.059375 0.0390625
2 0.509375 0.20078125 0.15078125 0.26171875
1 0.19921875 0.60546875 0.04609375 0.0671875
1 0.19140625 0.7890625 0.03203125 0.05078125
1 0.1125 0.78828125 0.01484375 0.03125
1 0.06640625 0.80078125 0.0265625 0.034375
1 0.03125 0.803125 0.01484375 0.0359375
1 0.559375 0.728125 0.02265625 0.03125
1 0.68828125 0.95546875 0.0140625 0.03046875
1 0.9234375 0.7890625 0.0265625 0.0484375
1 0.915625 0.73515625 0.01875 0.0421875
1 0.81171875 0.78671875 0.0265625 0.03046875
1 0.71015625 0.79375 0.0296875 0.046875
1 0.67109375 0.7859375 0.025 0.05390625
1 0.71875 0.7375 0.0203125 0.02265625
1 0.96875 0.35078125 0.0609375 0.11953125