1 0.85859375 0.39296875 0.06640625 0.0625
1 0.85625 0.47578125 0.025 0.03125
1 0.90859375 0.5109375 0.01875 0.0265625
1 0.81328125 0.496875 0.0234375 0.06875
1 0.78671875 0.47578125 0.01328125 0.025
1 0.76640625 0.5359375 0.01875 0.0265625
1 0.903125 0.771875 0.121875 0.05390625
1 0.9015625 0.83984375 0.1015625 0.071875
1 0.84375 0.903125 0.03046875 0.03125
1 0.95859375 0.65859375 0.02109375 0.03125
1 0.753125 0.7046875 0.01484375 0.01640625
1 0.7390625 0.74375 0.025 0.03125
1 0.66875 0.74453125 0.09453125 0.04921875
1 0.77109375 0.7796875 0.0234375 0.05078125
1 0.73125 0.84140625 0.03828125 0.0296875
1 0.77265625 0.86484375 0.025 0.028125
1 0.61015625 0.87265625 0.05546875 0.04609375
1 0.59765625 0.96796875 0.03515625 0.0359375
1 0.72890625 0.975 0.0140625 0.02734375
0 0.57265625 0.12734375 0.07890625 0.10546875
0 0.22890625 0.1234375 0.11015625 0.121875
0 0.34375 0.428125 0.634375 0.40859375