0 0.84375 0.53671875 0.0578125 0.09609375
0 0.7796875 0.4703125 0.05234375 0.07421875
0 0.73203125 0.48046875 0.02734375 0.05625
0 0.765625 0.5828125 0.028125 0.04375
0 0.7453125 0.6796875 0.04765625 0.053125
0 0.69921875 0.6734375 0.01328125 0.03828125
0 0.65703125 0.678125 0.034375 0.053125
0 0.671875 0.5875 0.0765625 0.08203125
0 0.7328125 0.578125 0.025 0.04375
0 0.6640625 0.48828125 0.0828125 0.07421875
0 0.5328125 0.48828125 0.04921875 0.05
0 0.52890625 0.57734375 0.040625 0.0421875
0 0.5265625 0.6609375 0.0453125 0.0609375
0 0.45703125 0.50625 0.0515625 0.07109375
0 0.45390625 0.5875 0.05 0.0609375
0 0.453125 0.66484375 0.04921875 0.04375
0 0.58984375 0.4234375 0.05234375 0.0515625
0 0.47890625 0.42421875 0.06640625 0.07734375
0 0.2703125 0.459375 0.1 0.059375
0 0.32421875 0.50859375 0.03671875 0.03671875
0 0.31796875 0.5734375 0.03515625 0.03515625
0 0.22421875 0.5859375 0.0640625 0.19609375
1 0.13984375 0.26015625 0.0828125 0.065625
1 0.90078125 0.55859375 0.06015625 0.03203125