0 0.2765625 0.22421875 0.24140625 0.26015625
0 0.74921875 0.1171875 0.0390625 0.0375
0 0.821875 0.1875 0.03125 0.025
0 0.703125 0.23359375 0.0296875 0.02578125
0 0.65859375 0.3046875 0.04140625 0.11953125
0 0.28984375 0.7859375 0.4984375 0.24609375
0 0.67890625 0.903125 0.284375 0.046875
1 0.71640625 0.87734375 0.053125 0.0375
2 0.29453125 0.565625 0.490625 0.18125
2 0.22109375 0.09140625 0.31171875 0.10234375
2 0.67578125 0.065625 0.3 0.065625
2 0.6 0.23359375 0.12734375 0.36640625
0 0.83203125 0.2703125 0.0296875 0.02109375
0 0.7484375 0.315625 0.040625 0.090625