1 0.48828125 0.0828125 0.1078125 0.15625
1 0.46171875 0.303125 0.16875 0.0859375
1 0.59375 0.26328125 0.053125 0.09375
1 0.65859375 0.3328125 0.0453125 0.103125
1 0.44140625 0.4203125 0.0828125 0.0875
1 0.37265625 0.36328125 0.0484375 0.0578125
1 0.37265625 0.45078125 0.0578125 0.0390625
1 0.50625 0.4203125 0.05625 0.0484375
1 0.45703125 0.7171875 0.0578125 0.0390625
1 0.50703125 0.64296875 0.0828125 0.0515625
1 0.4984375 0.74765625 0.0578125 0.053125
1 0.02265625 0.43125 0.0453125 0.09375
1 0.0203125 0.3078125 0.040625 0.0671875
1 0.021875 0.2203125 0.04375 0.0609375
1 0.05546875 0.2546875 0.0171875 0.0390625
1 0.04921875 0.5828125 0.065625 0.04375
1 0.80546875 0.24296875 0.128125 0.0953125
1 0.8546875 0.321875 0.0609375 0.0390625
1 0.79453125 0.4078125 0.1109375 0.075
1 0.79921875 0.61875 0.0625 0.040625
1 0.775 0.72578125 0.096875 0.0828125
1 0.8484375 0.87890625 0.271875 0.2078125
1 0.75859375 0.05390625 0.1140625 0.1078125