0 0.87265625 0.134375 0.17734375 0.178125
0 0.69296875 0.328125 0.1734375 0.2484375
0 0.53671875 0.4875 0.140625 0.17578125
0 0.4265625 0.5703125 0.075 0.1015625
0 0.31953125 0.675 0.11484375 0.146875
0 0.2171875 0.75546875 0.084375 0.13515625
0 0.0984375 0.83984375 0.0765625 0.08828125
1 0.85390625 0.56328125 0.04140625 0.0859375
1 0.7984375 0.5546875 0.02734375 0.10234375
1 0.728125 0.55390625 0.03828125 0.06640625
1 0.57265625 0.571875 0.07421875 0.06953125
1 0.33828125 0.70078125 0.04140625 0.09609375