1 0.51171875 0.0828125 0.1078125 0.15625
1 0.53828125 0.303125 0.16875 0.0859375
1 0.40625 0.26328125 0.053125 0.09375
1 0.34140625 0.3328125 0.0453125 0.103125
1 0.55859375 0.4203125 0.0828125 0.0875
1 0.62734375 0.36328125 0.0484375 0.0578125
1 0.62734375 0.45078125 0.0578125 0.0390625
1 0.49375 0.4203125 0.05625 0.0484375
1 0.54296875 0.7171875 0.0578125 0.0390625
1 0.49296875 0.64296875 0.0828125 0.0515625
1 0.5015625 0.74765625 0.0578125 0.053125
1 0.97734375 0.43125 0.0453125 0.09375
1 0.9796875 0.3078125 0.040625 0.0671875
1 0.978125 0.2203125 0.04375 0.0609375
1 0.94453125 0.2546875 0.0171875 0.0390625
1 0.95078125 0.5828125 0.065625 0.04375
1 0.19453125 0.24296875 0.128125 0.0953125
1 0.1453125 0.321875 0.0609375 0.0390625
1 0.20546875 0.4078125 0.1109375 0.075
1 0.20078125 0.61875 0.0625 0.040625
1 0.225 0.72578125 0.096875 0.0828125
1 0.1515625 0.87890625 0.271875 0.2078125
1 0.24140625 0.05390625 0.1140625 0.1078125