0 0.5703125 0.621875 0.10390625 0.07421875
0 0.3984375 0.6109375 0.03515625 0.07265625
1 0.84140625 0.471875 0.034375 0.08671875
1 0.7890625 0.4984375 0.04375 0.040625
1 0.8546875 0.6046875 0.10625 0.08046875
1 0.90078125 0.70390625 0.00859375 0.06328125
1 0.8765625 0.77734375 0.08125 0.06640625
1 0.8265625 0.721875 0.01953125 0.103125
1 0.74765625 0.6484375 0.03203125 0.10234375
1 0.7 0.646875 0.0265625 0.08125
1 0.721875 0.54140625 0.04453125 0.025
1 0.459375 0.58203125 0.05390625 0.11953125
1 0.4984375 0.60625 0.0234375 0.04453125
1 0.44453125 0.721875 0.0359375 0.13046875
1 0.4859375 0.759375 0.02890625 0.02421875
1 0.4171875 0.0453125 0.05390625 0.0796875
1 0.2859375 0.2828125 0.0328125 0.03671875
2 0.6890625 0.26328125 0.2375 0.2265625