0 0.896875 0.375 0.07109375 0.04375
0 0.83125 0.55703125 0.04140625 0.10546875
0 0.7078125 0.64765625 0.09609375 0.05546875
0 0.6359375 0.76328125 0.09453125 0.0703125
0 0.2234375 0.79296875 0.434375 0.0890625
0 0.62734375 0.5625 0.0859375 0.10234375
0 0.4640625 0.63671875 0.134375 0.06328125
0 0.3875 0.54375 0.0765625 0.15078125
0 0.2203125 0.52578125 0.16171875 0.11484375
0 0.1234375 0.359375 0.2234375 0.3171875
0 0.29921875 0.34453125 0.1015625 0.1046875
0 0.5515625 0.340625 0.15859375 0.0953125
0 0.70703125 0.3640625 0.1 0.0609375