0 0.79375 0.26484375 0.1390625 0.40859375
0 0.6296875 0.29140625 0.11796875 0.40390625
0 0.43828125 0.37734375 0.26171875 0.17890625
0 0.32109375 0.4984375 0.0859375 0.134375
0 0.22578125 0.4421875 0.0453125 0.09609375
0 0.815625 0.68671875 0.071875 0.071875
0 0.61171875 0.696875 0.04296875 0.06328125
0 0.48515625 0.67734375 0.18671875 0.053125
0 0.36015625 0.6796875 0.03515625 0.0546875
0 0.428125 0.53359375 0.090625 0.07890625
2 0.44296875 0.1390625 0.28203125 0.24921875
2 0.71015625 0.09609375 0.10234375 0.1765625