0 0.20625 0.26484375 0.1390625 0.40859375
0 0.3703125 0.29140625 0.11796875 0.40390625
0 0.56171875 0.37734375 0.26171875 0.17890625
0 0.67890625 0.4984375 0.0859375 0.134375
0 0.77421875 0.4421875 0.0453125 0.09609375
0 0.184375 0.68671875 0.071875 0.071875
0 0.38828125 0.696875 0.04296875 0.06328125
0 0.51484375 0.67734375 0.18671875 0.053125
0 0.63984375 0.6796875 0.03515625 0.0546875
0 0.571875 0.53359375 0.090625 0.07890625
2 0.55703125 0.1390625 0.28203125 0.24921875
2 0.28984375 0.09609375 0.10234375 0.1765625