0 0.9203125 0.37734375 0.034375 0.1078125
0 0.93984375 0.484375 0.04375 0.1078125
0 0.953125 0.615625 0.0359375 0.1640625
0 0.72109375 0.62734375 0.040625 0.153125
0 0.72578125 0.48203125 0.0265625 0.146875
0 0.728125 0.27890625 0.0328125 0.0921875
0 0.56953125 0.2140625 0.034375 0.115625
0 0.54921875 0.28515625 0.021875 0.0703125
0 0.53515625 0.35703125 0.025 0.0828125
0 0.49375 0.4671875 0.0390625 0.15
0 0.421875 0.62890625 0.053125 0.18125
0 0.10078125 0.64453125 0.0671875 0.1609375
0 0.20546875 0.49296875 0.04375 0.1140625
0 0.29453125 0.33515625 0.03125 0.1390625
0 0.38359375 0.2234375 0.040625 0.0984375
0 0.2140625 0.19921875 0.0390625 0.09375
0 0.03125 0.334375 0.0359375 0.1609375