0 0.7671875 0.2984375 0.0484375 0.1015625
0 0.60078125 0.19453125 0.0515625 0.1015625
0 0.553125 0.15625 0.053125 0.0984375
0 0.4203125 0.1734375 0.1015625 0.1640625
0 0.47109375 0.25 0.040625 0.0765625
0 0.509375 0.3890625 0.04375 0.209375
0 0.21875 0.3421875 0.0625 0.125
0 0.2234375 0.19921875 0.0390625 0.075
0 0.08984375 0.240625 0.053125 0.103125
0 0.103125 0.47578125 0.034375 0.096875
0 0.2203125 0.68046875 0.04375 0.096875
0 0.50234375 0.8453125 0.0578125 0.1328125
0 0.7640625 0.6078125 0.040625 0.090625